"","Abidji","Agarabi","Agta","Aguacatec","Amarakaeri","Ampeeli","Amuzgo","Angaatiha","Apinayé","Arabela","Bahinemo","Bauzi","Berik","Bété","Bhili","Buglere","Cakchiquel","Campa","Camsa","Candoshi","Cavineña","Cayapa","Chácobo","Chavacano","Chayahuita","Chinantec","Chiquitano","Chumburu","Cofán","Colorado","Cree","Culina","Didinga","Djuka","Dyimini","Ejagam","Ese Ejja","Garífuna","Guahibo","Guambiano","Guarijío","Guaymí","Gunu","Halbi","Huastec","Huave","Iduna","Ifugao","Iwam","Jicaque","Kalam","Kamano-Kafe","Karajá","Kemtuik","Kokni","Konkomba","Kriol","Kuku-Yalanji","Kuna","Kwerba","Lele","Mampruli","Maring","Martu-Wangka","Mawchi","Mayoruna","Mazahua","Mazatec","Menye","Micmac","Mikasuki","Mixtec","Mundu","Múra Pirahá","Murle","Murrinh-Patha","Nafaanra","Nahuatl","Ocaina","Papago","Patep","Paya","Podopa","Saramaccan","Seri","Shipibo","Sirionó","Slave","Sursurunga","Tabla","Tacana","Tarahumara (Central)","Tarahumara (Western)","Tboli","Teribe","Ticuna","Tifal","Tlapanec","Tucano","Vagla","Vasavi","Waorani","Walpiri","Wobé","Yacouba","Yakan","Yaminahua","Yucuna","Yupik","Zapotec"
"Abidji",0.481818181818182,0.107316380273391,0.10600177244866,0.117473791675591,0.139939878286941,0.112997486079794,0.0908735786288652,0.132816057522538,0.137276191506983,0.14580513469748,0.13440201205797,0.161755126821085,0.114811029534824,0.193181120391383,0.154811065181968,0.140520659031498,0.0794530121544453,0.0787960234603752,0.0856671028325924,0.13999692891269,0.145416114196329,0.149644931770085,0.175554407364817,0.101111818149993,0.135482447912567,0.114299047792684,0.0803304959557042,0.149962361478061,0.147510316653589,0.153352217166553,0.143324518470333,0.215351658592571,0.134521136112382,0.155170515074657,0.168093327301448,0.17538372555676,0.181167749071179,0.0705273796879392,0.112465747404447,0.120030919982808,0.16042759341712,0.144485357222368,0.156920701723279,0.0782685225210012,0.13203600982036,0.0999565267999075,0.137513165469268,0.138002100009132,0.126488048704619,0.165632585217669,0.12448046009848,0.151698871248657,0.131279234821002,0.124770880374872,0.144370316522262,0.199250416933754,0.098355051357569,0.0996904120715904,0.112090516304718,0.195400303243321,0.173711153541562,0.185846040361746,0.0873467189816046,0.186760917274901,0.147034200949166,0.187300988525097,0.0403781091038437,0.0798531614961631,0.170672440127387,0.107005745553306,0.0994692936813012,0.117400246036228,0.152233417234947,0.178196577230057,0.111903288396006,0.150916926180485,0.164059547480628,0.156181292033825,0.153127482597136,0.116038610364364,0.132286148527104,0.166396924208143,0.137292546963422,0.0993075126217045,0.14367668820603,0.117981298769377,0.150658111485398,0.0911028346945869,0.173876982947194,0.175689785463941,0.112065903883207,0.158091603627895,0.154911439465305,0.158715235612225,0.146816767998838,0.140551680427036,0.0254095670778579,0.109972236855095,0.164686408945947,0.177198664279479,0.141573559081067,0.164699050907975,0.0748585705902357,0.179233883134209,0.157407197845545,0.12148928228447,0.187209987912727,0.147646314122469,0.151234491286002,0.132146326188414
"Agarabi",0.107316380273391,0.512121212121212,0.131636618738739,0.237387602517249,0.215471666670968,0.201390334433464,0.155950118050682,0.205871261483819,0.205268390004147,0.230757968816134,0.230440467013092,0.225778104048712,0.231379722377021,0.192388946686639,0.204476728008516,0.210767353102755,0.120348083920973,0.066874684617746,0.129356063199871,0.198763057518864,0.222041977222531,0.199973121744602,0.204531304419333,0.142192775205244,0.195938020012133,0.160084246031137,0.125400005544637,0.218300527153085,0.217274293242671,0.235662216143628,0.147492728380099,0.194992542200811,0.191923311486585,0.197940774908602,0.221391507780111,0.206946256685587,0.214386255197342,0.0929248881255875,0.171407651342029,0.187063594709889,0.218338965483439,0.175554244507019,0.155192595875666,0.129892906861728,0.185564811073887,0.148607973572893,0.240342937841905,0.186921928965838,0.163224787236741,0.250973246554221,0.248956535489502,0.216618180043662,0.161342133893419,0.218682607260814,0.228165768422599,0.191657116411666,0.143008640871168,0.111231077150967,0.150417903800773,0.173260925050723,0.22006144183505,0.151714918353278,0.0710437169819491,0.195777235695705,0.218271837614118,0.225726820905013,0.0583140085076751,0.123069821994066,0.232584298703896,0.135887832497754,0.135814894168985,0.163688100573953,0.123093833484116,0.222817873156591,0.164865776989256,0.13451544644669,0.209019786596268,0.199282810400432,0.218043508730083,0.148995220482635,0.220924659234264,0.219381100524541,0.169923837142962,0.170612036552216,0.223045438183462,0.175146745188815,0.203503250325075,0.135708646809441,0.237606873532896,0.219316810168204,0.139104959096515,0.211178335221402,0.23031217837147,0.236080219118844,0.219766297115301,0.212480720133837,0.0205765494806939,0.163353867094821,0.234576499478796,0.230254500576425,0.244817549068763,0.162721915281805,0.114625736954008,0.188413250340227,0.17770254197417,0.164461201800397,0.237212056246945,0.205637421298779,0.224946642253115,0.197070024839449
"Agta",0.10600177244866,0.131636618738739,0.393939393939394,0.138810550445254,0.140300903360565,0.164581812497768,0.076159083848422,0.147388990832574,0.130457074329,0.13751670655079,0.141021078698053,0.150272674279496,0.14616895564079,0.150673843944852,0.1587145776842,0.149435991452049,0.0741222582808174,0.110075779125435,0.0599590459500621,0.131950354272083,0.131518256078806,0.147177280681887,0.163066066746943,0.0882729392370254,0.131343461542777,0.105469632895057,0.0653176146516355,0.129249428566837,0.150447243221387,0.147479540454317,0.111208336506002,0.145797811710063,0.11699673320024,0.151301454990996,0.150094199684628,0.160442087176932,0.142062665732689,0.0474816633833567,0.155874131803251,0.0890944962684579,0.150072139675918,0.161740415629231,0.126609644248048,0.135146051962714,0.134565913040591,0.0818006421010463,0.128764997468097,0.14659418347207,0.105344715454274,0.147777671411782,0.121417130093302,0.12455908824489,0.127311688636641,0.153713714676209,0.154911812414441,0.131843100594915,0.0851810244895882,0.160128872424187,0.123350394944485,0.133599077767777,0.150861685194774,0.145783415440772,0.0930577761714936,0.113603446886934,0.15853083894775,0.168318404726315,0.0513462445242459,0.0726861170232364,0.153408204724178,0.0772764466860763,0.0789793838951579,0.118848907465551,0.0980181667490736,0.146507161605869,0.111752495166494,0.201501541872818,0.154385541428542,0.125473119524027,0.154047358130584,0.0958987205267422,0.131247810709046,0.151179168578899,0.131997736919602,0.125289652406137,0.128180631294217,0.103750329025384,0.173994735356545,0.0657009711403323,0.173763654236444,0.168546455072772,0.0971091594173822,0.14048416139674,0.155183127142406,0.164673605471123,0.126117829766525,0.124997818027751,0.0483242350078171,0.102012898900409,0.156580302981102,0.140493537338734,0.183225383019974,0.112581425539619,0.0918618737316479,0.145175211417688,0.131567752575233,0.106463870017505,0.161626040564156,0.138025576168568,0.131999442028511,0.146097304390667
"Aguacatec",0.117473791675591,0.237387602517249,0.138810550445254,0.639393939393939,0.334734244139758,0.236828060125619,0.248477246933114,0.260418959302558,0.267987771455581,0.259905665895782,0.280076104141184,0.296891182297832,0.256979801055382,0.202334740860668,0.263899208226439,0.332061642483433,0.238332945449695,0.0800292301552327,0.233382945555426,0.299995914508529,0.310451114141321,0.279331973369814,0.227557252302812,0.262142263286004,0.285893147691339,0.28991669346009,0.207134569519489,0.277031466601157,0.371298674012124,0.349977829746889,0.228358119118505,0.236722989129815,0.246867372199358,0.305238489435748,0.267037223449424,0.226697654973685,0.336913843578322,0.179481168858842,0.202756480759209,0.303472318991643,0.344115831327355,0.245414675066605,0.158747018405065,0.130792990534646,0.337721583114542,0.260661143949406,0.327435028046707,0.18824440891956,0.190061617336497,0.326991028146961,0.277423005159261,0.354887621994167,0.187011894522463,0.318489872026137,0.323656915961822,0.192931197241086,0.258503854311197,0.107044591359242,0.215352550472294,0.183535838411734,0.239016293284449,0.138311520518029,0.07050531524073,0.250588065748046,0.294840050505295,0.254437458608827,0.106594541432947,0.208162350899035,0.248935197062382,0.253935187509463,0.261735593346759,0.30049521199744,0.14214135675061,0.265284248046739,0.236862310790994,0.130659863133883,0.225947709321593,0.343827799092086,0.344788313915602,0.258287167488496,0.348735599247694,0.292709778618237,0.224614055769574,0.264603611143799,0.297493860055794,0.239856039140225,0.264623294269852,0.237392697213622,0.322462542034109,0.302685470440984,0.233161128233062,0.261606868809153,0.319388897827098,0.335117092270189,0.335551364842506,0.303400059026389,0.0295054763171239,0.282625448237773,0.296977924244126,0.313025536834754,0.328106943393764,0.198729808105312,0.123152930714628,0.219609082300319,0.192900731201239,0.277428618866015,0.28952778734552,0.350477188533708,0.308600226235763,0.337774239135972
"Amarakaeri",0.139939878286941,0.215471666670968,0.140300903360565,0.334734244139758,0.948484848484848,0.218896419057053,0.366654961328169,0.376522121369987,0.362436336911643,0.284669616234197,0.384253043676405,0.424482477067633,0.319073048801587,0.301003695136915,0.355167978065734,0.463001576041157,0.326034576344174,0.0707956154661185,0.376402364227874,0.423115192052216,0.431025075567911,0.369273621340155,0.381773363183006,0.439336147847394,0.505968908149092,0.478488828307347,0.28455380016789,0.285558153370346,0.493058883582778,0.439258960492742,0.312340600096287,0.308214356529452,0.481976244333271,0.314531094352521,0.376249732148053,0.327925721312078,0.435399324047303,0.28475804899996,0.199674495439067,0.418180210442334,0.500116658004685,0.283221004541086,0.237366407747035,0.154394942589604,0.58868685807219,0.430376744324035,0.423565549038249,0.253079605261466,0.261110067770765,0.449356048871578,0.302510760058144,0.375970301035001,0.250655554243292,0.344371690583813,0.326153298505035,0.254608230223877,0.391661590335908,0.113128072786149,0.283369725393874,0.263700198358639,0.308164813176811,0.192552542285047,0.114342244934858,0.303397894639141,0.372995654435444,0.415295344447107,0.162438502245872,0.360149882950649,0.368578508129449,0.410337351101502,0.445796010712364,0.394020113738327,0.188678754105051,0.395797626388803,0.431964128851759,0.129161221660384,0.32993492461315,0.52457664560665,0.546770038495415,0.405409614224341,0.503397917212351,0.436671807136008,0.290858722777939,0.3006857396688,0.422102674846856,0.370548725708944,0.408945336195768,0.334702288049764,0.476530064881634,0.386397028812767,0.312160957297114,0.366155228249754,0.497635671142377,0.414896099294185,0.350515201614409,0.463348408057682,0.0383484009255613,0.379684499192317,0.468972149344653,0.36373286644811,0.347712607556426,0.310834670922467,0.101837891224829,0.291157374348841,0.269879680393072,0.424535109425756,0.418007811439894,0.548086579148716,0.502926188597289,0.569126493537157
"Ampeeli",0.112997486079794,0.201390334433464,0.164581812497768,0.236828060125619,0.218896419057053,0.496969696969697,0.134008320570736,0.21125462332685,0.195417162508342,0.225617361705729,0.243182371054222,0.229656783475564,0.223606575455651,0.160133918835049,0.212934964861266,0.215858332002573,0.112695592137692,0.0737317624269745,0.111868044233956,0.209059393521382,0.234766102443415,0.251744770245891,0.189579035291741,0.142705194541316,0.226865171291502,0.170060117431734,0.112922109613,0.17971633868318,0.255098782941307,0.270562493521203,0.16737650836701,0.232612207386548,0.179243527047381,0.197890748395606,0.189578604683036,0.177566606438558,0.261421188982249,0.0966096160815853,0.185626923591504,0.179608650867892,0.25237377302277,0.218637451293518,0.15278995322013,0.117363601072792,0.199137362313728,0.142277511622555,0.253914180226132,0.173387959965819,0.164815343418113,0.264943677109277,0.232200201349135,0.245214667678031,0.162976853039543,0.261031237316044,0.244320032849726,0.167495713702731,0.132890879269023,0.139127041039388,0.185561865160048,0.157125353556472,0.215853276441931,0.14039633507675,0.0674429201946031,0.159355885538384,0.222142154161518,0.212257938774151,0.0674478194161515,0.120645752375969,0.221588554427431,0.136406726882891,0.144974133676169,0.174735178080027,0.128761640126619,0.197041311663831,0.170419608127803,0.140867791273364,0.180917789611453,0.194041778131221,0.254838014253229,0.162306614960659,0.22319885660059,0.250534858791227,0.178480626873031,0.199870215574099,0.223053063031888,0.186839722027614,0.227202493273587,0.131567516729973,0.265938513116873,0.252704574160599,0.143867243879431,0.220668554129808,0.225270440688894,0.269953158514638,0.205702776300152,0.222453389579318,0.046920685023309,0.167283312571648,0.241401797151528,0.221335268538809,0.235862194778763,0.166621127326665,0.133573239805689,0.189337299069876,0.160109342057985,0.164349124584802,0.241643114768175,0.235258024826627,0.192041835420008,0.206363374399923
"Amuzgo",0.0908735786288652,0.155950118050682,0.076159083848422,0.248477246933114,0.366654961328169,0.134008320570736,0.742424242424242,0.229631513931691,0.257233295483865,0.182167362704016,0.239995502989088,0.248939493273701,0.196250403915625,0.180889230380069,0.21562043527183,0.294494495662644,0.322744275030143,0.0446543979420491,0.300085316092054,0.280003456472419,0.278268295530337,0.233087514755537,0.230761519511373,0.382771188163696,0.340247610377463,0.345356139301297,0.23668293399273,0.197266734043671,0.291401307718621,0.258339348217831,0.212953793828439,0.170684593749248,0.30923174517094,0.211504966448194,0.249038952087057,0.201222401207197,0.26599815375914,0.223575804241391,0.123131883215243,0.319244571434344,0.312576732948036,0.184445616657528,0.158851829487038,0.104076127280035,0.358376205325225,0.350398224989139,0.273340263719656,0.147290670105084,0.15230377045495,0.261107816271072,0.193713922609523,0.249658467438069,0.166657669499978,0.216734157396257,0.198974021641325,0.163020625787603,0.344445047537323,0.0652934272244473,0.206349919781112,0.150321590432776,0.192275404119027,0.116017047399398,0.0644993910733427,0.179564761600118,0.229760660092109,0.256315928066457,0.154787175577967,0.283066746338125,0.204860901833538,0.355817554085739,0.325888883907954,0.285126689529823,0.124246190816535,0.239398744260389,0.270636164406785,0.0801404688356637,0.208566738619984,0.384388372666908,0.325100796195207,0.31691598345823,0.297377041476685,0.280555498338084,0.176583336609954,0.212315083205279,0.285312766491379,0.240306760159803,0.213655270862659,0.310688333562169,0.277578202340693,0.23846178945818,0.202922010159887,0.233170088571067,0.320277674455055,0.255295388317657,0.276770164963501,0.307543590224479,0.0234767619910386,0.23887283242162,0.291195863792621,0.239337424777978,0.213410546939889,0.171379848328062,0.0896827180181709,0.204196696771994,0.169252074341509,0.336528513897922,0.253503529672545,0.35643994084427,0.304534032726701,0.362723520499816
"Angaatiha",0.132816057522538,0.205871261483819,0.147388990832574,0.260418959302558,0.376522121369987,0.21125462332685,0.229631513931691,0.660606060606061,0.296553655420165,0.270154683527022,0.318390297834643,0.339038151969756,0.232103864311724,0.211202405281456,0.272698845424079,0.341567881766089,0.188402495242263,0.073881174500257,0.211501913529171,0.337666477192444,0.311877112032952,0.294231254802792,0.271152851576578,0.256810189082555,0.309285809062977,0.26704808949408,0.181199299337075,0.22770272407644,0.374249524742006,0.354937346344394,0.246033868502886,0.257374618630739,0.305773347201435,0.251060469118304,0.296612005368001,0.217397157709566,0.350581628404452,0.154269640604692,0.205825862591312,0.290648197466395,0.361041566726449,0.289024386827443,0.201582717753072,0.135793879736858,0.345394062707617,0.233925413657366,0.299032730512242,0.180315839532025,0.211811691120606,0.312270794782532,0.24853080784383,0.333940416763342,0.189525997796467,0.276972101894364,0.272006017202654,0.185804953018644,0.227511026577849,0.125527109759227,0.230829790428518,0.193100203415235,0.255677839839496,0.168026279489974,0.117687104187549,0.207673753872242,0.301267674474381,0.296872949187005,0.105212630641834,0.208452790574858,0.302836513361134,0.232961893271527,0.246354161649681,0.256107851953867,0.142496231771004,0.278765348053888,0.288714039782457,0.123577757459927,0.22126273768618,0.329666359500718,0.391344174798851,0.229232594545804,0.309767639119116,0.314869883560775,0.253258570514446,0.230885102994062,0.304479259433664,0.274721933762707,0.353549603427447,0.204654607678671,0.373029518964421,0.330512340506913,0.203361634281673,0.278252513096674,0.330108412239655,0.326182445745008,0.315219966467013,0.314902853198558,0.0367287482693755,0.226844239062809,0.318374646500564,0.267829187720913,0.311688396868517,0.234538739140172,0.10811278066554,0.211466154239772,0.182784715288385,0.25527920947298,0.332593644173717,0.334530604923713,0.331057872459613,0.352539954655584
"Apinayé",0.137276191506983,0.205268390004147,0.130457074329,0.267987771455581,0.362436336911643,0.195417162508342,0.257233295483865,0.296553655420165,0.790909090909091,0.317373966464336,0.314052352198993,0.399096992756353,0.267090458086278,0.261375101495569,0.32564737101178,0.403475164333376,0.218328884430658,0.0770895305053549,0.228100308678089,0.342396620381031,0.355916250816213,0.357742436554527,0.369299671861278,0.284817270210628,0.386831906497562,0.283628987828111,0.171635857866291,0.267576380194487,0.378024947891821,0.366939642113014,0.277380243269461,0.268506223218007,0.353619834698358,0.268306848874452,0.311139611419051,0.319518868400738,0.36004393732955,0.195797072276742,0.20823476774968,0.315039154014,0.43329845187189,0.282875493731146,0.220397221029214,0.150882735812823,0.354452671646919,0.260917478971244,0.345352412255311,0.201155852760798,0.240682029733366,0.403299455934173,0.282047961600383,0.323543171152156,0.266939577846684,0.291049927887828,0.300157823148926,0.237565307016865,0.27587135437708,0.128848914448767,0.280509809373514,0.230788508655724,0.308455998380564,0.176079000030812,0.102754487107609,0.241007276354802,0.312129915493907,0.411390448725781,0.118513398331652,0.230410069493598,0.331522582485706,0.284434620883158,0.298207699964255,0.305489950648561,0.19117376585863,0.388455813027981,0.338717928133166,0.130094874081731,0.330172632594544,0.344581372768174,0.381917249334642,0.307111241901716,0.331263515351107,0.366237653127601,0.286075047634687,0.239025850325117,0.370369428825209,0.32987459209684,0.360590943649398,0.249986786168416,0.407204759902367,0.380409357965918,0.23439095489207,0.337602672142382,0.407144286772328,0.361882982043928,0.319689415681498,0.39477670678266,0.0249520606575274,0.275723767478742,0.363062189249787,0.335305377938221,0.330238535757746,0.277556189462442,0.105240939688726,0.289585153864964,0.269264934626424,0.297892010302813,0.392121466664164,0.389712074763663,0.403798694706716,0.364967746766354
"Arabela",0.14580513469748,0.230757968816134,0.13751670655079,0.259905665895782,0.284669616234197,0.225617361705729,0.182167362704016,0.270154683527022,0.317373966464336,0.645454545454546,0.309510482129569,0.308870383132666,0.229869920801333,0.207505192216031,0.324022300503855,0.286935850212172,0.170841236307713,0.0714716740669738,0.174704196626768,0.320263954058076,0.359875242644545,0.310786280431005,0.290674560950044,0.213399018734641,0.32423177947261,0.234754987038323,0.182138217315353,0.199507891452792,0.312185916094019,0.317298230434893,0.254464483928535,0.305276550923611,0.266318217060594,0.260060377344071,0.247891771953753,0.258528713455837,0.332106537153005,0.15228646505828,0.204209820160054,0.280480674021136,0.360390767337048,0.290996378975327,0.206676609420941,0.170329081546307,0.283814796011796,0.214063259372415,0.347219010325768,0.182046874472839,0.24445749631713,0.377423080677835,0.320538705256159,0.305330443198836,0.227675375694637,0.257279667769766,0.290905952485941,0.214095238550398,0.207620495953275,0.109723257091059,0.276354227571451,0.201540859287015,0.299177725003495,0.16218006163333,0.0874807676602106,0.216117411178091,0.305342605285225,0.330745677450868,0.102300988396244,0.194152485992009,0.342077997904697,0.206073487469211,0.228454769504764,0.273392351393677,0.182161422090516,0.282879857984916,0.264244807578277,0.134221360107651,0.269785963084403,0.27917290471549,0.340631047067339,0.243962110604316,0.272483404320801,0.360485039396988,0.268510577549738,0.222387872146433,0.355183039589796,0.277347145245938,0.325352997797041,0.199755010292808,0.35318819228493,0.352698852708858,0.213755801510425,0.362952392202276,0.345019741862979,0.306547766133669,0.314509189080119,0.347841422119232,0.0237311842762696,0.265934447626143,0.363371019791972,0.27438638942786,0.325041236846403,0.281584329387827,0.140976007080607,0.260588197031476,0.211771400977673,0.235106577332145,0.343727053855048,0.313727822302437,0.31988665688027,0.2787961152526
"Bahinemo",0.13440201205797,0.230440467013092,0.141021078698053,0.280076104141184,0.384253043676405,0.243182371054222,0.239995502989088,0.318390297834643,0.314052352198993,0.309510482129569,0.724242424242424,0.348687587346759,0.318039372737322,0.220005387698759,0.284549545922992,0.362995505346211,0.21675719739599,0.0705957831990848,0.225274025795098,0.353905972990394,0.329757234544149,0.332485608475553,0.293516947223472,0.271513265100276,0.342658005074244,0.29650642614969,0.213554602563235,0.249577893222735,0.378983921979852,0.372546715526679,0.26005185499878,0.294134270384737,0.326855529996468,0.274465759268122,0.311601851861787,0.255839933801602,0.3726923720986,0.192139571714326,0.188506488931452,0.338117435296277,0.402872071296698,0.305175584323172,0.205144773562245,0.145462650085553,0.335110290619146,0.259006012943448,0.38631087216816,0.236339171806935,0.233144051725641,0.369314190924538,0.364845192163706,0.35197980151969,0.215737711891221,0.332197808702547,0.323456980104216,0.232240121386564,0.256217397653977,0.104994734294491,0.236030869063881,0.221437239855559,0.302676329570358,0.175573795791522,0.093462994748641,0.254962584524347,0.302696960681334,0.312959239010606,0.0981682094253458,0.218242679377109,0.313120948227361,0.257502335344914,0.250587619980402,0.25866518785305,0.175411370842232,0.290903909115616,0.303186099646745,0.137923322136484,0.260882375280608,0.360123590736335,0.413630012503988,0.24398454941588,0.372003380562376,0.337029929143738,0.288031412625871,0.246595311285045,0.324008109936096,0.310559913875463,0.363389649446631,0.243406589230681,0.390317041420892,0.377011882985487,0.215892109850755,0.295263913256824,0.36773532966928,0.384844711985889,0.317895674766522,0.340585525736249,0.0391922245631743,0.245235311134012,0.339473425084917,0.318803820746707,0.314320444651385,0.26064970303155,0.112184966452033,0.266336883488643,0.215113738593561,0.29786095072434,0.385148891891201,0.370228852205186,0.332802315767343,0.361171439557922
"Bauzi",0.161755126821085,0.225778104048712,0.150272674279496,0.296891182297832,0.424482477067633,0.229656783475564,0.248939493273701,0.339038151969756,0.399096992756353,0.308870383132666,0.348687587346759,0.933333333333333,0.367674676395672,0.351760130311603,0.362722704521972,0.398462079366894,0.231379054063646,0.0919662963389594,0.260616111692679,0.366094288596129,0.374345451562652,0.423193004621935,0.427109967351986,0.302033148597856,0.451383324466215,0.305685721171264,0.20863675748145,0.310488310366939,0.485885553522357,0.533183050696592,0.293106842112084,0.363014967553345,0.397817709088578,0.301536177661141,0.323569990831432,0.398838391262691,0.411235600496838,0.191659996859626,0.202904227272792,0.363959164454634,0.488489759978139,0.289066238643788,0.262050690740939,0.163917604094919,0.397681395609994,0.259825975602609,0.417766609787569,0.302768070407551,0.327051178951343,0.502032241866168,0.327155832552147,0.346540241652118,0.32785939551388,0.354170490224519,0.323220990731233,0.348267496063588,0.278223048549324,0.134637365547813,0.276149277414796,0.385756876589818,0.408605779372035,0.228283846619008,0.139246016214408,0.314337632816201,0.339927120199949,0.470531701984139,0.116597089994505,0.231517978171482,0.398731154320292,0.291137388018552,0.312510963401907,0.318266025612628,0.220611490197543,0.548201484110674,0.33483692075325,0.148942832706148,0.364136326005261,0.365917148478859,0.441301206299792,0.328085743394586,0.356471578765992,0.371363093826967,0.313892618857319,0.253052043311744,0.431221232835825,0.327247523043687,0.391101964548214,0.251969800294222,0.486339654792757,0.445904992883905,0.275071047953667,0.373117173074755,0.454178207015914,0.433581516048785,0.309275646697837,0.407278318612031,0.0489456250858381,0.309650320611294,0.45172569146155,0.461273088630716,0.382367417930265,0.36798532107866,0.115315707234459,0.380567927505278,0.347281681639928,0.303088291781377,0.495863135356225,0.43757809024955,0.432653734534067,0.398085191258466
"Berik",0.114811029534824,0.231379722377021,0.14616895564079,0.256979801055382,0.319073048801587,0.223606575455651,0.196250403915625,0.232103864311724,0.267090458086278,0.229869920801333,0.318039372737322,0.367674676395672,0.66969696969697,0.250867992098713,0.26991250264586,0.290585330454076,0.169049719028246,0.0870692753928509,0.160124476194459,0.274865749748066,0.295046151078057,0.279711721586229,0.325190275061519,0.195688228876366,0.310578453312451,0.224913429412155,0.142421128463853,0.244592556550816,0.317924258673381,0.376531469874798,0.204752925194074,0.262139339816148,0.254221386565398,0.21179759798119,0.26987207240118,0.288561429393751,0.277605039251603,0.126558979423565,0.165922814098498,0.273177329986598,0.366747954694036,0.22520699948535,0.226497220883834,0.150404660714896,0.290782350318414,0.183432565201041,0.306081654812077,0.300392335196291,0.25038894339141,0.359624989237407,0.262814830781227,0.258540766429062,0.258968033041632,0.334158494797867,0.263769794776925,0.250397404152448,0.190559642726648,0.128037457146644,0.181212966415721,0.273791611127429,0.316524659187761,0.223602039383987,0.102212918905516,0.253287097599508,0.275174833059636,0.334332495618838,0.0828376620018047,0.171236770778124,0.301459522111261,0.196327800517199,0.208865185849886,0.221159918993717,0.156330257130404,0.355718072155561,0.239198949482769,0.157027462796966,0.280937113470125,0.255469045310566,0.316111614699302,0.216672325661007,0.316777050213501,0.292124450488295,0.257283587616466,0.229436061410233,0.294778031421043,0.221491473706324,0.300805111284521,0.162861288634731,0.359577671404673,0.30933562676783,0.187703689223351,0.271958929748104,0.31930056804311,0.33853300567384,0.227618961850297,0.29572184654985,0.0397875221672993,0.201400050815582,0.333098130335036,0.354877988350288,0.320552958307725,0.295308053092938,0.107674033549713,0.273762801349019,0.264349660115083,0.227416228360864,0.392920786567368,0.342698754680485,0.318575801994114,0.296243628828099
"Bété",0.193181120391383,0.192388946686639,0.150673843944852,0.202334740860668,0.301003695136915,0.160133918835049,0.180889230380069,0.211202405281456,0.261375101495569,0.207505192216031,0.220005387698759,0.351760130311603,0.250867992098713,0.854545454545454,0.235195862266302,0.264898204363346,0.158199522337157,0.106295071745559,0.16489355447428,0.269396793747669,0.291677250793932,0.264654790559914,0.391969066768683,0.193766381590355,0.30786793554037,0.21612447000296,0.120082523784241,0.217004327363108,0.272488524634092,0.279447527765482,0.193289236871503,0.315313109619895,0.24310820112335,0.197306582945552,0.288055855556483,0.546813074069088,0.236933844374824,0.121526726875797,0.153559118951424,0.222497865284343,0.297590947522779,0.189587330652999,0.263588587560203,0.143410268675873,0.270678326422553,0.166738234585041,0.249602012028158,0.276428781945447,0.166910913921161,0.350821993949538,0.192281748570492,0.200170256665198,0.273399561542236,0.240084484581728,0.194773394597485,0.396105406038551,0.168612148902202,0.140755022086329,0.176301690740613,0.438953055420911,0.276707501232554,0.234104129795627,0.129217240435805,0.252293676084718,0.195194546509922,0.393375208155736,0.0878301555952043,0.137205936066213,0.272078951533352,0.185226520773509,0.190666440249483,0.197060408012898,0.234626241749413,0.412263536551919,0.192337070718645,0.185511460527952,0.46450895210773,0.229477498967277,0.275959248746671,0.210476854368519,0.275689400868587,0.274451033538396,0.215004437694198,0.148479347183946,0.29142976896481,0.197040924764439,0.28344412795926,0.150605474620791,0.329319071014043,0.270217577376623,0.161022017218903,0.246987020921922,0.315859864768658,0.25291009883516,0.212871139870633,0.273776207220106,0.0310692704207687,0.167369631900324,0.315702699683961,0.38679237128413,0.208991715941567,0.281234814543277,0.0889137146258512,0.476103050470031,0.42487092762252,0.198264519534731,0.327473710710027,0.290893401538465,0.317836118526776,0.258566210481539
"Bhili",0.154811065181968,0.204476728008516,0.1587145776842,0.263899208226439,0.355167978065734,0.212934964861266,0.21562043527183,0.272698845424079,0.32564737101178,0.324022300503855,0.284549545922992,0.362722704521972,0.26991250264586,0.235195862266302,0.696969696969697,0.359333679101811,0.209677555905994,0.0829152898275383,0.22019955392302,0.327206269888799,0.341638955795363,0.391046833787327,0.316306498864267,0.266969066246539,0.345440977176291,0.306362493368703,0.198608828855624,0.272769266085239,0.424318613263228,0.365978959324312,0.252237321172024,0.296213743406035,0.296194950991654,0.332294061025883,0.250432441358084,0.285686637166514,0.400739361858419,0.177356623034852,0.178764001337999,0.286989160399208,0.404390820842415,0.28536668913278,0.213631053286208,0.203920328689806,0.35340818727546,0.254716542208123,0.338474436507799,0.197798608112795,0.277067172074219,0.395342226967969,0.258773428752003,0.319163678603047,0.251987080133169,0.249905230680394,0.342306511655674,0.242677871272881,0.271132258922097,0.137657904231206,0.260094218342206,0.223688594367593,0.332160862788075,0.179919136256934,0.0979857636746353,0.27659094758001,0.384036163688234,0.398577119780215,0.104748383901777,0.211125154835644,0.429926087678005,0.247169279990828,0.293861796340119,0.365872487433321,0.204560496370055,0.346024281700215,0.288517053759925,0.152497883888452,0.292642208212923,0.353452313691372,0.410861433991567,0.313334436112234,0.328011175061412,0.364170399692984,0.238625367658508,0.301656214144785,0.370553734221065,0.289809811728502,0.30088735820495,0.237141316145812,0.415681353339133,0.356373508547055,0.297574569728315,0.429651729675566,0.370772270438679,0.351227100107774,0.314480200087071,0.361881733994283,0.0384719615267445,0.287477065718089,0.415525738615106,0.307556927942305,0.376706634033125,0.277358348844893,0.0997565675992581,0.290741415304467,0.249966467881041,0.290389414440033,0.368363265436924,0.406974970383064,0.393755797205118,0.386925457627666
"Buglere",0.140520659031498,0.210767353102755,0.149435991452049,0.332061642483433,0.463001576041157,0.215858332002573,0.294494495662644,0.341567881766089,0.403475164333376,0.286935850212172,0.362995505346211,0.398462079366894,0.290585330454076,0.264898204363346,0.359333679101811,0.812121212121212,0.274943030332377,0.0762591752044648,0.2822046016308,0.367741348755699,0.376890621454802,0.384729342983162,0.332575084162068,0.324440301154643,0.390878325481841,0.403561366215241,0.243930470555656,0.306135221618616,0.454556036110826,0.410405898415587,0.299758047345228,0.27105119886808,0.385402484987135,0.356198416423551,0.341733519691779,0.293828506530613,0.399111612541354,0.211543520554915,0.214321357003068,0.343373561419751,0.414208308393061,0.317135017220593,0.200033684574227,0.161179332043336,0.432670024960788,0.306199375773478,0.408731157832903,0.221092570305783,0.258882807294035,0.394645369648151,0.288501695532399,0.376473931907459,0.239050640263759,0.316686538085196,0.374819381630442,0.235162016967806,0.310623532172527,0.118637383829589,0.267669903093285,0.22646053942378,0.316462876433994,0.16989045111469,0.0988280810466207,0.251375429838908,0.382296858760997,0.376659543141184,0.125286448433337,0.279642286705897,0.340589706752509,0.307632364911776,0.323942168430766,0.361743284781766,0.193816961012084,0.35956861601215,0.340575248381938,0.143060437598627,0.307674045845398,0.408869051344796,0.453540342485818,0.314895571111835,0.440920275371733,0.394025623738849,0.262167879856052,0.31638763459088,0.353531695101928,0.342507777746242,0.342637731858975,0.261327364697897,0.430995325375985,0.381026099612209,0.278358212169326,0.327757706624216,0.399248512857637,0.440224469872995,0.364265360632571,0.370298069572839,0.0338134609514976,0.339480927907545,0.370333229791454,0.362880130757188,0.412730885726869,0.266829397943452,0.0995553168018465,0.277020677489471,0.240324778729918,0.360123778107776,0.358330052374217,0.419814482054998,0.40470419632396,0.46945995845999
"Cakchiquel",0.0794530121544453,0.120348083920973,0.0741222582808174,0.238332945449695,0.326034576344174,0.112695592137692,0.322744275030143,0.188402495242263,0.218328884430658,0.170841236307713,0.21675719739599,0.231379054063646,0.169049719028246,0.158199522337157,0.209677555905994,0.274943030332377,0.727272727272727,0.0384314274345965,0.379392600282075,0.281655132632463,0.282731002567141,0.195288428370233,0.191938210253468,0.424547662285197,0.31030781414846,0.335848173103159,0.254700018025613,0.193908227516233,0.297454609688906,0.23730599501095,0.214853904544935,0.165598202340439,0.272768608183625,0.233213725443285,0.216214457543523,0.182702411767949,0.24228675807183,0.288523533141646,0.109759831416611,0.31830057402511,0.277159718021213,0.177328774920365,0.136754369364377,0.0879268540415855,0.373546878717707,0.418816595695507,0.22581558353476,0.137193307350553,0.142226948070076,0.25376200514613,0.183359746382767,0.224862842156735,0.159484253230209,0.171062202454014,0.19013493413704,0.153401566902137,0.411332735702166,0.051691472025454,0.16835723332525,0.151925671939876,0.185969420964902,0.0977402209547417,0.0513069064928209,0.186392443092433,0.202402837461538,0.215663327610624,0.160915219354769,0.289543056611456,0.185282322945023,0.409224569136772,0.336715806877204,0.272619077560507,0.135455800660909,0.225007490768966,0.248380159466196,0.0649408576442672,0.182480552950544,0.393711608041521,0.303858624756298,0.305291946131679,0.288274773760465,0.233784732762836,0.143658711160445,0.19201399484715,0.276366704610524,0.208949834939384,0.198851351947809,0.31085341823456,0.239017783393153,0.211890189443066,0.252860728496717,0.221989080616888,0.280395153987163,0.222077536867823,0.253462365995664,0.251276779324179,0.0269088111684416,0.247892251378369,0.277041685351215,0.233901668577521,0.192572491072294,0.152716033037647,0.0732957009085577,0.174661891353926,0.153057289713434,0.393064990899084,0.213577319538612,0.302781993247719,0.287266011703436,0.309538478927127
"Campa",0.0787960234603752,0.066874684617746,0.110075779125435,0.0800292301552327,0.0707956154661185,0.0737317624269745,0.0446543979420491,0.073881174500257,0.0770895305053549,0.0714716740669738,0.0705957831990848,0.0919662963389594,0.0870692753928509,0.106295071745559,0.0829152898275383,0.0762591752044648,0.0384314274345965,0.318181818181818,0.0268964026177044,0.0752112474604068,0.0702614497902227,0.0809770441859743,0.101215224610496,0.0471359904630161,0.066969116020317,0.0584608971797332,0.0305353187013942,0.0753557301652365,0.0825554001762934,0.0815514222956138,0.0598177454765457,0.0873032380131206,0.0629032151983343,0.0700538274260726,0.0784753962596682,0.111456744916182,0.0705704140042887,0.0240707197528601,0.0705024916157175,0.0513899487455388,0.0864503608750731,0.0808103386771548,0.0950184597582515,0.0660408554377534,0.0708864244852922,0.0379006342321463,0.0656923536019593,0.0938954492426048,0.0525505316242194,0.0845813186874881,0.0533720224793676,0.0665647201866189,0.0811366636499592,0.0782625045364362,0.0683965238121127,0.0944542570185206,0.0414058250787237,0.0895966622437784,0.0570936744119317,0.105247295342083,0.096216853632374,0.0870916651895257,0.0532913587115358,0.0772362029488649,0.0773495143731076,0.109772814708598,0.0229228149277944,0.0331592849509356,0.0855300036602391,0.0441879898550855,0.041085629581137,0.0631061686163006,0.0753085038937736,0.0977189829327657,0.0476339334326395,0.11725163382783,0.123796017528059,0.070523808706191,0.0827151423888119,0.0531981040339854,0.074723782878013,0.0853300598181952,0.0799458636224624,0.0635805537248103,0.0731814002229957,0.056589304399409,0.077387737894861,0.0313713273581813,0.0865655168084712,0.0905585515624656,0.0411238316548366,0.0802378191448742,0.0798964823146357,0.0877542725934976,0.068952804159826,0.0634404920925177,0.0268488146871843,0.0431322601532165,0.0794320836095417,0.0933737960036792,0.0878598805921654,0.0715608394075687,0.039596375175126,0.109391641144464,0.100627122797211,0.0582088303545113,0.0964459542115204,0.068228790786441,0.077172137769168,0.0726897520457155
"Camsa",0.0856671028325924,0.129356063199871,0.0599590459500621,0.233382945555426,0.376402364227874,0.111868044233956,0.300085316092054,0.211501913529171,0.228100308678089,0.174704196626768,0.225274025795098,0.260616111692679,0.160124476194459,0.16489355447428,0.22019955392302,0.2822046016308,0.379392600282075,0.0268964026177044,0.763636363636364,0.317827695169587,0.309454949930487,0.22144752625493,0.20511819475764,0.447960704532181,0.354602845060171,0.354771456913041,0.264451972891321,0.195509839618074,0.332986953582929,0.264279723939659,0.246559840402715,0.179817077475965,0.323555280712077,0.253841608647699,0.239280367894145,0.198055673205676,0.27572323668964,0.340518100009086,0.11629246695814,0.347356135259258,0.302902994869463,0.196090567812225,0.151530630586858,0.0782058565087692,0.417456490630563,0.45510666330176,0.229021132208577,0.132032682897102,0.16244465910664,0.287079644774847,0.208354561736083,0.254560078950191,0.178893341447573,0.183379009674924,0.187147843338228,0.147050066882554,0.432648605098305,0.0470002626879637,0.175523585277817,0.151766364627815,0.178697661242351,0.102844479045204,0.0642354022351338,0.217506318123295,0.201264042220126,0.238025205019803,0.171547242401392,0.305482570184204,0.199952183193416,0.432762374013925,0.37925765008352,0.274211588917098,0.132646609407471,0.241347695730223,0.289439363478836,0.0572246621103848,0.203712934451599,0.416388016125306,0.346632079132268,0.324948324490807,0.300374221955885,0.258433508429651,0.150414560037827,0.195190541685661,0.301548357110594,0.235510923740448,0.229134973353114,0.423792783570325,0.25301066531635,0.250517719549439,0.254857582943193,0.238645572347712,0.32789675170912,0.229367964976715,0.265589784262966,0.287110261618593,0.0251215597535908,0.273203217094276,0.319316208541258,0.24035306493873,0.19514048708082,0.189621979093553,0.0730749308241851,0.182716091899417,0.175751045274454,0.384074640821944,0.231096299241073,0.341023582140539,0.327656598557857,0.321660678789364
