"","Abidji","Agarabi","Agta","Aguacatec","Amarakaeri","Ampeeli","Amuzgo","Angaatiha","Apinayé","Arabela","Bahinemo","Bauzi","Berik","Bété","Bhili","Buglere","Cakchiquel","Campa","Camsa","Candoshi","Cavineña","Cayapa","Chácobo","Chavacano","Chayahuita","Chinantec","Chiquitano","Chumburu","Cofán","Colorado","Cree","Culina","Didinga","Djuka","Dyimini","Ejagam","Ese Ejja","Garífuna","Guahibo","Guambiano","Guarijío","Guaymí","Gunu","Halbi","Huastec","Huave","Iduna","Ifugao","Iwam","Jicaque","Kalam","Kamano-Kafe","Karajá","Kemtuik","Kokni","Konkomba","Kriol","Kuku-Yalanji","Kuna","Kwerba","Lele","Mampruli","Maring","Martu-Wangka","Mawchi","Mayoruna","Mazahua","Mazatec","Menye","Micmac","Mikasuki","Mixtec","Mundu","Múra Pirahá","Murle","Murrinh-Patha","Nafaanra","Nahuatl","Ocaina","Papago","Patep","Paya","Podopa","Saramaccan","Seri","Shipibo","Sirionó","Slave","Sursurunga","Tabla","Tacana","Tarahumara (Central)","Tarahumara (Western)","Tboli","Teribe","Ticuna","Tifal","Tlapanec","Tucano","Vagla","Vasavi","Waorani","Walpiri","Wobé","Yacouba","Yakan","Yaminahua","Yucuna","Yupik","Zapotec"
"Abidji",1,0.357721267577969,0.384402031956681,0.337098706547348,0.301831110030657,0.384424437178682,0.254137974131572,0.353462088568046,0.345810253414537,0.384925555601348,0.352005269675637,0.339994852553874,0.329457736926016,0.41395954369582,0.375644496397422,0.326562094932354,0.242773092694138,0.321020836320047,0.241625161835517,0.316431414665669,0.342766554891348,0.360458594774658,0.376188015781751,0.258658139453469,0.284772024274822,0.287928899019739,0.259892781033161,0.377767780822597,0.324522696637896,0.339639138691024,0.33074888877769,0.461467839841223,0.286399838174748,0.385009548681479,0.393409914960836,0.373397609249876,0.403955116172223,0.209675993666846,0.386601006702785,0.300077299957019,0.355309435084896,0.387643641328304,0.421006760720992,0.314983078438176,0.29843755644328,0.259729557826531,0.324138175748988,0.373284368877161,0.34213980387315,0.359597060012046,0.342321265270821,0.376395695579375,0.277706073659812,0.340284219204196,0.372204722283956,0.444274578298235,0.270476391233315,0.373839045268464,0.31347347780133,0.424224342567737,0.389963814072894,0.498611327799806,0.323869856898084,0.425042087591155,0.370391498574236,0.396213629572321,0.211504381020134,0.250967078987941,0.396633135507308,0.265502977688653,0.237861354455285,0.312436138644799,0.422159896533887,0.372182724594423,0.295424681365455,0.456904455408809,0.344838539290492,0.330383502379245,0.336880461713699,0.271579726384682,0.316336442130031,0.368530100595215,0.356744413369523,0.3121093253825,0.32698832488269,0.306565579479482,0.365567476398393,0.252638113018602,0.372593534886844,0.394405640837417,0.30818123567882,0.36739598026201,0.336320888312833,0.363722414944681,0.358885432886048,0.333683845618144,0.178407598631769,0.290326705297452,0.362310099681084,0.384707626396236,0.362164918579474,0.374832322756081,0.329377710597037,0.376733639708847,0.335125001864709,0.308395870414424,0.403786248439215,0.324821891069432,0.339506000846127,0.307100617198426
"Agarabi",0.357721267577969,1,0.467097679395524,0.529310194801974,0.430943333341936,0.540315531406855,0.352489992854281,0.492300842678699,0.439860835723172,0.528820345203642,0.49380100074234,0.457096775067944,0.515914245840656,0.412262028614226,0.496156766491253,0.454596251790257,0.330957230782674,0.315266370340803,0.34150000684766,0.41513803152674,0.469704182586123,0.46472626884309,0.432662374733205,0.342508144654968,0.389515340987975,0.374665256668619,0.369482159194021,0.493418999729575,0.453800739051148,0.474198361752422,0.342764791305865,0.431862677357501,0.386187151162031,0.491131246013825,0.483835745479713,0.408935716803854,0.47481519607465,0.266654026795164,0.509590314800626,0.425730939684574,0.447527072108912,0.459784926089813,0.478631370457662,0.441903703756393,0.385134513549577,0.355366893326483,0.501982085366004,0.527215697083133,0.441509670394462,0.492983162874363,0.547704378076905,0.492993099409715,0.324651854785539,0.490920138748767,0.522879885968456,0.445400340956688,0.36302193451912,0.412429836627182,0.397103266034041,0.429895528321344,0.465514588497222,0.451044351861095,0.32115652882251,0.464794876112106,0.510848981650064,0.448734041558158,0.287218250858698,0.324904330064334,0.518600125488416,0.313587305764047,0.317864645927412,0.409220251434881,0.372669404126221,0.440298791267515,0.397121944572661,0.457629869354719,0.410574580814097,0.405946465630509,0.438746084639802,0.32347646552151,0.461424921185488,0.441437580323772,0.412315193067482,0.454048161792188,0.457173879506474,0.401377957724367,0.466361615328298,0.35542740831044,0.493146341294689,0.479301638115943,0.389022343236018,0.470870612317991,0.452398921801102,0.496219568848526,0.496732041424995,0.449478446436962,0.1786910875955,0.405314106325496,0.469152998957593,0.474899907438877,0.54221336370934,0.378156563683068,0.420294368831364,0.370097456025447,0.361986659577014,0.387658547100936,0.480245267248416,0.413782616028031,0.458224641626716,0.419568439980763
"Agta",0.384402031956681,0.467097679395524,1,0.420252125201227,0.376417057796638,0.517257124992984,0.256454057856931,0.426652341883768,0.402344247930561,0.463066460834292,0.434924822152874,0.390472303245934,0.438506866922369,0.404246898388627,0.4761437330526,0.417914213382849,0.26587331774641,0.432440560849924,0.224846422312733,0.362863474248229,0.405617051458001,0.441531842045661,0.448431683554094,0.27742923760208,0.341286159914302,0.319311732618063,0.287397504467196,0.384255057901407,0.40363894522811,0.392485873789716,0.339803250435007,0.397630395572899,0.304007259496688,0.441853806610872,0.409347817321714,0.413639756003028,0.414873271608738,0.195861861456346,0.494600610529545,0.303104987305063,0.423280393957717,0.48084988430312,0.426338597978121,0.518583687763903,0.34965945908185,0.284149598877319,0.379396867539928,0.431929290587349,0.413854239284649,0.399726488244985,0.413068586915357,0.395235568469364,0.3443676823778,0.429877337653804,0.468999065107941,0.37186515552412,0.295891979805938,0.556237135789282,0.407056303316801,0.383371266637968,0.418355933733406,0.45817644852814,0.414987380224228,0.363972208472701,0.47559251684325,0.45158596389987,0.260680933738479,0.30362555212238,0.464446858339254,0.247584732101021,0.26326461298386,0.384511171212077,0.347806398141874,0.37771377601513,0.372508317221647,0.621453353439533,0.39802522399546,0.336635198722999,0.409964743412039,0.282558730123437,0.370186132769104,0.415742713591972,0.399626175995125,0.421893727490055,0.35545889350497,0.360395879772385,0.47453109642694,0.249210580187467,0.470016441787104,0.471358730288261,0.348326332692784,0.41026348018517,0.412987354491886,0.452852415045589,0.388961531055637,0.389144150463754,0.289945410046903,0.365915833012336,0.427037189948459,0.373894091304694,0.508104003332702,0.337744276618856,0.421033587936719,0.37137844781269,0.347338866798615,0.337818049094006,0.444471611551428,0.386003729962945,0.392430773598275,0.398447193792728
"Aguacatec",0.337098706547348,0.529310194801974,0.420252125201227,1,0.541481865520196,0.53898799890658,0.471249951080044,0.547377430381173,0.496831261687313,0.529437467565482,0.531178818198798,0.487433284369575,0.513959602110764,0.366870683978134,0.551181890599524,0.573719068165093,0.497783999989869,0.300109613082123,0.481352325208067,0.52104553572534,0.539204566666505,0.539061702994379,0.414883388176397,0.494325410767893,0.453580474702605,0.525673125504559,0.50260594074582,0.544168952252273,0.621972398091376,0.580365245308911,0.425752425475178,0.426877521381634,0.395467149639749,0.603165877328125,0.50937736264919,0.366716794810372,0.610887738356298,0.400194498131203,0.518679369384023,0.55329207329968,0.567791121690135,0.543535857530066,0.463597487377624,0.395978778682872,0.554468270785069,0.491532442876023,0.565725441127818,0.446911186643559,0.432554025662371,0.523820579070374,0.568631004363703,0.654262096413828,0.301043537523965,0.59045875150913,0.620969664345357,0.385862394482172,0.510815999537095,0.36045627702602,0.483444501060252,0.373869300468346,0.417330035893483,0.386803404838555,0.28374090279806,0.486435657040325,0.575723175542883,0.415665155153034,0.390846651920804,0.437538699341921,0.507090216238187,0.457915911902311,0.479848587802391,0.579903040696813,0.335047483769296,0.433385157700117,0.468051272820526,0.402969671347489,0.360206493121381,0.561698879704894,0.571759515538435,0.448604027743178,0.578305265084115,0.485398125346825,0.472118715948786,0.556173195397794,0.503451147786728,0.468357946250144,0.522908306042222,0.498978280767485,0.566024674847106,0.531309602369813,0.509557432562321,0.496150958086324,0.516658511190893,0.582045476048223,0.625604239536876,0.544141410210372,0.180311244160202,0.558481424661468,0.492475954776692,0.521709228057923,0.618715950399669,0.395065281173211,0.398435952312031,0.350101435551233,0.315134857903013,0.526157725435546,0.513678332387213,0.569741242443959,0.538825791840221,0.551809400568666
"Amarakaeri",0.301831110030657,0.430943333341936,0.376417057796638,0.541481865520196,1,0.454313322571241,0.514877179737429,0.580618224542504,0.47461901262239,0.456024142511092,0.553727093507483,0.478086066321907,0.494338526312318,0.370638878340231,0.537639599824276,0.587655846513777,0.47189214997183,0.235985384887062,0.524104557785647,0.522951360963413,0.521019322115057,0.514178460093887,0.464890073248679,0.538962560556283,0.542109544445456,0.612020594346606,0.494225021344229,0.453048993327952,0.58318792681834,0.532924474127224,0.409017452507042,0.398865637861644,0.523197896809143,0.496628043714507,0.515196728667458,0.355972000108506,0.584072263965895,0.431055762247645,0.422388355736488,0.539060427523321,0.58112146880826,0.481767688136899,0.430389640420449,0.366549144277478,0.665296791656927,0.544154504317746,0.552476803093368,0.421799342102443,0.432996594795741,0.504379238529323,0.484604615627123,0.551423108184668,0.27209320032989,0.523698884297964,0.525027261008105,0.351551112861421,0.514933564983464,0.327476000170431,0.46523387751233,0.355188022278983,0.380877858982575,0.380493047629135,0.306771876654497,0.435310022743116,0.564626449374755,0.466147835603895,0.3941522480966,0.530577952561224,0.533468893345256,0.492404821321803,0.542851230756753,0.567801910627283,0.30671915691954,0.439775140432004,0.559012402043453,0.327870793445589,0.354653176294265,0.594880732131253,0.635331382758756,0.490055577633819,0.60628216306597,0.502096502978685,0.448520460358505,0.51680361505575,0.497478152498081,0.509504497849799,0.555357863969561,0.49308819221617,0.586772094816938,0.500043213757699,0.492885722048075,0.50983639376548,0.554796525260083,0.547662851068325,0.509559544197158,0.599627351604059,0.16873296407247,0.549543354094143,0.537363921124081,0.43807243039371,0.533698420900561,0.420391153296779,0.305513673674486,0.311954329659473,0.299866311547858,0.540913459886098,0.512797686896524,0.621541481508853,0.603511426316746,0.663645734513293
"Ampeeli",0.384424437178682,0.540315531406855,0.517257124992984,0.53898799890658,0.454313322571241,1,0.337578212124754,0.501539753222017,0.450962682711559,0.572720995099158,0.535001216319288,0.482718079916791,0.530864531657301,0.380174051910548,0.548972956282952,0.484579928985369,0.332049512548556,0.328803805417589,0.332580672046896,0.463017448738631,0.541767928715574,0.569012151925644,0.443695614512586,0.362251647681802,0.46213275633454,0.409633859507096,0.372642961722901,0.43607641004007,0.529450304217807,0.547764557435564,0.403169691686958,0.505013344983953,0.372014867456828,0.502338053619616,0.446863853895728,0.37562166746618,0.563849623295048,0.287217777539848,0.514763737690724,0.44902162716973,0.533867596778936,0.542483901705722,0.489521209346046,0.430333203933569,0.426722919243704,0.369697471145221,0.544101814770284,0.510875239185002,0.48561663685694,0.546446334037884,0.559314353614704,0.554252331053084,0.342562812121333,0.559352651391523,0.571812842839785,0.428477407146521,0.368520925704014,0.473318799412352,0.47469314343268,0.40508880213778,0.478064303529108,0.437082929955921,0.309113384225264,0.41736065260053,0.535086940681029,0.443323543009302,0.327320300107794,0.349237704246227,0.549806187677084,0.341016817207229,0.368011262408736,0.468801697287877,0.379386975373074,0.411541980057368,0.419690079717724,0.469559304244545,0.373142941073623,0.410472992200661,0.525603404397285,0.371952659284844,0.478283264144121,0.529977585904519,0.439541842299256,0.527657369115622,0.487466958943861,0.446790639631252,0.506600153920837,0.364851096814212,0.562562239285693,0.555950063153318,0.412836438958368,0.523889373113932,0.473498378518057,0.55677838943644,0.506581464022762,0.509789017785938,0.271646071187579,0.452487648759377,0.524096006973712,0.483712838528523,0.544297372566376,0.416552818316663,0.463991254061867,0.388082662689808,0.338692838968814,0.414009245137289,0.521191031852926,0.494491389762974,0.443173466353865,0.442207230856977
"Amuzgo",0.254137974131572,0.352489992854281,0.256454057856931,0.471249951080044,0.514877179737429,0.337578212124754,1,0.448392897026378,0.406157834974524,0.343515598241858,0.414651916159158,0.358733767599656,0.36383501849526,0.277643935001966,0.399745750784853,0.456259077787195,0.566519206169932,0.18653102937818,0.523958488414698,0.420005184708628,0.411787163789288,0.392443264639424,0.34614227926706,0.582094433612994,0.46206465606816,0.537582669667114,0.485126510668328,0.392156760448262,0.435124124647715,0.396520860055276,0.360383343401974,0.287377122128835,0.430575847706372,0.417943945676072,0.423622959735715,0.27439418346436,0.443330256265234,0.434000090586229,0.330353833016505,0.492293030716511,0.448479660316747,0.385234515803698,0.356606147828045,0.2886144706085,0.514191946770975,0.55326035524601,0.435759840712496,0.321893517448197,0.31610216509518,0.371403359351094,0.37166043291362,0.442942442228832,0.231079961911734,0.406376545117982,0.395550765913478,0.281658672826748,0.559935298952299,0.242099224540086,0.405330199570041,0.261084867593768,0.296499454949901,0.287861846930836,0.239155045552844,0.334781758915475,0.428367332375118,0.361471180606542,0.429241747401086,0.499529552361397,0.373503301685457,0.541105036167253,0.491065441505137,0.490061497629384,0.271531410393753,0.337613613700548,0.446549671271196,0.26446354715769,0.283238780841954,0.553922109083318,0.47261349226616,0.481945965627723,0.458572073305169,0.400793569054405,0.344807698705827,0.435179984209578,0.42411357181151,0.39849864750118,0.381114807484743,0.542471693521247,0.430050736020792,0.383865319615607,0.403399176823872,0.398684607401306,0.44595625557033,0.425492313862761,0.473233960818421,0.472043650111991,0.146176065227221,0.426097484860187,0.415994091132316,0.365654398966355,0.397884070565895,0.294559114313857,0.311529441536804,0.27845004105272,0.238688822789308,0.533915430703434,0.385512280147188,0.498411781689021,0.454734076017246,0.520429398977996
"Angaatiha",0.353462088568046,0.492300842678699,0.426652341883768,0.547377430381173,0.580618224542504,0.501539753222017,0.448392897026378,1,0.504446939632239,0.524417915081867,0.56488601228727,0.527748066745375,0.475740839893596,0.368766104459686,0.523201273197361,0.569279802943482,0.403719632661991,0.29024747125101,0.423003827058341,0.557149687367533,0.541681299846707,0.539423967138451,0.45653286234832,0.453194451322157,0.479175197139824,0.48958816407248,0.449592246475448,0.466719869225,0.588106396023152,0.563121751411779,0.438871224897039,0.435557046913558,0.471519647553615,0.505182651274637,0.52064873282681,0.338401236057344,0.596350192646748,0.341671016104351,0.488651328454194,0.526999478922584,0.589820381285782,0.567726474125335,0.468466879285309,0.379762545026806,0.540189766319969,0.43861015060756,0.511299487404351,0.41904385243358,0.450953923030967,0.490711248943979,0.509410972599155,0.6054963600654,0.300690284965549,0.5345075650593,0.540734853475156,0.352388704000876,0.433980570928845,0.398307175197547,0.467324115591478,0.37048294841295,0.43491591312904,0.413796061430533,0.362960227868143,0.407930587963333,0.561685494782745,0.464303664605269,0.350708768806113,0.432637867230838,0.558301952006559,0.411109223420341,0.446686117276894,0.500092255294534,0.315595681103566,0.438059832656109,0.512234586710811,0.374134495062163,0.33804029368722,0.523028358823255,0.617911854945554,0.39814082210587,0.521547555659737,0.504403211529398,0.483094383062237,0.507947226586936,0.492539978495633,0.509315944616254,0.595262087403355,0.419478388409698,0.594684740378063,0.559328576242468,0.435774930603584,0.512979493418449,0.526259787628436,0.563561293695563,0.574710436100079,0.55869861051357,0.192388681411014,0.467866243067043,0.520116996758347,0.448647877908128,0.574621066852574,0.429987688423648,0.356772176196283,0.321584474189515,0.288607445192187,0.462868896297162,0.548779512886634,0.533309660023311,0.569005718289959,0.570285220766385
"Apinayé",0.345810253414537,0.439860835723172,0.402344247930561,0.496831261687313,0.47461901262239,0.450962682711559,0.406157834974524,0.504446939632239,1,0.542660149913113,0.493510839169846,0.533206508540876,0.476431627937685,0.385061533453293,0.542745618352966,0.576393091904823,0.37330845524413,0.299288765491378,0.378256793285273,0.480812275428681,0.504087393859873,0.556863226712236,0.523042453709106,0.419596871292442,0.498650504469513,0.42934663295081,0.363075853178692,0.47729840791449,0.52636385149494,0.513093567361417,0.4338174420802,0.404598418547682,0.454064379184662,0.481202500698745,0.473161621052013,0.413495006165661,0.550067126475701,0.345524245194251,0.477204676093017,0.472558731021,0.581254020803755,0.518605071840434,0.451745856767954,0.39205750250576,0.481355480014334,0.398623926206068,0.511059623516828,0.420135641842173,0.461773661697737,0.534493254852518,0.505846887652862,0.520825592586397,0.348182058060892,0.502861131952792,0.532538073328739,0.38618990795845,0.429422391247341,0.408847517000895,0.495017310659142,0.380801039281945,0.44449991033007,0.403514375070611,0.326047891783759,0.412084980295775,0.530942639757677,0.536596237468409,0.355540194994955,0.406606004988703,0.547012261101415,0.406335172690225,0.435436022071699,0.506591375447363,0.362570935249126,0.510718798004915,0.50807689219975,0.379923083601515,0.420683277050964,0.471833414993766,0.527333440503899,0.4445031132788,0.465178553471768,0.493299696049422,0.491691488122118,0.46673686749875,0.513537443329072,0.499351446752097,0.550902830575469,0.408394254631571,0.571819450075664,0.55793372501668,0.420375082143387,0.530518484795172,0.537430458539472,0.555448298020913,0.517144643014188,0.561535832923611,0.139562373169221,0.473900225354088,0.4831069453727,0.470854360508991,0.558865214359263,0.432045011899084,0.354382756094691,0.370399615408675,0.35542971370688,0.44887837168917,0.550638655315634,0.518568486580681,0.564633768022104,0.501830651803736
"Arabela",0.384925555601348,0.528820345203642,0.463066460834292,0.529437467565482,0.456024142511092,0.572720995099158,0.343515598241858,0.524417915081867,0.542660149913113,1,0.540415127527819,0.490034742470095,0.492578401717141,0.372156051257012,0.597359548414928,0.49317099255217,0.359093044468441,0.310337532132913,0.353695612802659,0.51807404332924,0.593794150363499,0.557388437729519,0.497008316650334,0.391231534346842,0.509507082028386,0.418752139041332,0.395431656013595,0.411485026121384,0.515106761555131,0.531514802251343,0.446666381363918,0.513986029616283,0.418500055380933,0.498953049555485,0.442185322944533,0.408203231772375,0.564923491033462,0.320092569867722,0.552370825023097,0.484600117418717,0.574536005899641,0.564875323893282,0.487166293635076,0.464533858762656,0.468294413419463,0.39028108062374,0.561677810821096,0.441731386588506,0.50419358615408,0.587498191621158,0.581196553486442,0.544643493273599,0.362960743861015,0.520872947018545,0.554907308210176,0.406042693802479,0.393763009566555,0.402318609333882,0.539626598216443,0.40308171857403,0.496123865583686,0.431608228540313,0.324366891324376,0.414643870283547,0.569282823413132,0.517279969472921,0.35914176777405,0.393069450167871,0.610193185451621,0.363659095533903,0.409728662698762,0.509714553445839,0.385341469806861,0.457599770269717,0.48715523184822,0.425894700341584,0.41994984819742,0.445058253894259,0.543035002571119,0.408667494920935,0.468330851176376,0.569186904311034,0.518178307552126,0.482815775054756,0.571758063729916,0.492067515758922,0.571098347196933,0.392375913075159,0.571333840460916,0.581953106969615,0.432757144162211,0.61422712526539,0.544768013467862,0.535242131344501,0.540562668731454,0.576822458790686,0.170245452416716,0.498627089299018,0.576502098708417,0.45963202289946,0.592616619664713,0.502285560529638,0.469920023602022,0.405632570850883,0.340900304012839,0.423962680435015,0.553316720839833,0.50257369592138,0.530465310404468,0.469401622619174
"Bahinemo",0.352005269675637,0.49380100074234,0.434924822152874,0.531178818198798,0.553727093507483,0.535001216319288,0.414651916159158,0.56488601228727,0.493510839169846,0.540415127527819,1,0.513691534930493,0.576664796721518,0.355891068336228,0.510333424753192,0.554576466501155,0.406419745117481,0.274077746537623,0.410720599515924,0.535729225168945,0.496894463011731,0.540493846290308,0.459054941155193,0.443561274668768,0.479140430824154,0.484391686284147,0.46060796631286,0.467958549792627,0.555843085570449,0.558820073290018,0.437842408926517,0.47118596712118,0.462928433042208,0.517564003191316,0.524635770991784,0.363910250666072,0.582883804703972,0.366509009628483,0.457405451083671,0.54428660315986,0.573050791068579,0.565774959700263,0.448329637586364,0.390265646570996,0.491495092908081,0.433867940463644,0.574245891060778,0.506441082443431,0.460703814787194,0.518611417042968,0.63036080321478,0.592619053579071,0.306868297086651,0.580027919956828,0.576977315861574,0.409835508329231,0.440373652217773,0.349982447648303,0.460888679237164,0.401507083254585,0.454014494355537,0.429180389712609,0.321279044448454,0.462294796115574,0.548846137499122,0.44324699087339,0.314519505925865,0.411543338253977,0.538176629765778,0.404646526970579,0.407359185189816,0.466445420718614,0.355127315202064,0.417383869600666,0.495304024175375,0.402784923053448,0.363253940264138,0.518955392764151,0.588353035027225,0.374487913056933,0.568338498081408,0.485676317106697,0.516578076992051,0.502323782247314,0.479473884658797,0.504851091521689,0.587836197634257,0.438929915006145,0.577599209277554,0.58685811974156,0.419084683827936,0.487185456873759,0.527620255612445,0.604755975977825,0.546383191004959,0.520338997652603,0.215557235097459,0.449598070412355,0.491343115254485,0.496251230407609,0.563726884429115,0.438848989798018,0.359427562419136,0.370848825110769,0.311348832174891,0.491470568695161,0.564885041440429,0.538218155188156,0.501482941567229,0.541757159336882
"Bauzi",0.339994852553874,0.457096775067944,0.390472303245934,0.487433284369575,0.478086066321907,0.482718079916791,0.358733767599656,0.527748066745375,0.533206508540876,0.490034742470095,0.513691534930493,1,0.569636822584844,0.436394146627177,0.536764540323995,0.513642524183887,0.340870927861622,0.289036931351015,0.367535542130701,0.454177124950085,0.462674153616762,0.596810647543755,0.522023293430205,0.380423431440048,0.493233434019374,0.395593286221636,0.360471884653814,0.483307275571179,0.574703342875906,0.649263493468174,0.39160023440076,0.46978407565727,0.440536389259164,0.476109754201802,0.4467702802275,0.440189528818355,0.556179295753921,0.295550462447086,0.434794772727411,0.476613191547735,0.579861945297791,0.484222633261168,0.462442395425187,0.386377209652308,0.457264322478391,0.336245380191612,0.547075322340864,0.49956731617246,0.536949696785788,0.573254809051333,0.526641096303455,0.517458279390041,0.363065773555639,0.543610519879495,0.528034291788648,0.478867807087434,0.377833769634884,0.373364122947718,0.451134958152884,0.521720365879672,0.501263595512162,0.443139231672192,0.361820357092557,0.452975628075748,0.514568576449464,0.53359265173459,0.298271625567337,0.353708022206431,0.577110881253055,0.357157390506031,0.387701571137704,0.46679017089852,0.355130691537508,0.613242338157703,0.445549128421663,0.361405402889917,0.397897309873298,0.420740972118549,0.52196916874169,0.399514004871636,0.44558947345749,0.433038236618018,0.484040019733249,0.444187097302529,0.511881319553317,0.461502917112892,0.537765201253795,0.381422174757309,0.601093955361835,0.579325384455468,0.440647795265583,0.510907332426013,0.513283590120725,0.572327601184396,0.447635804431079,0.537607380567881,0.224334114976758,0.456181275900567,0.524892528810956,0.555547880467651,0.578813063839391,0.493638845349422,0.345947121703378,0.41311650025244,0.389805969187674,0.395332554497448,0.608307935567116,0.51571703493697,0.526847721019344,0.479445668303992
"Berik",0.329457736926016,0.515914245840656,0.438506866922369,0.513959602110764,0.494338526312318,0.530864531657301,0.36383501849526,0.475740839893596,0.476431627937685,0.492578401717141,0.576664796721518,0.569636822584844,1,0.418113320164521,0.553236806665427,0.504700837104448,0.350857907417115,0.319254009773787,0.340910175123687,0.472425507379488,0.509765601339051,0.546182651618081,0.533894481444284,0.356779643807739,0.470141695381234,0.419330122632832,0.356052821159632,0.480449664653388,0.532563478996018,0.603181480867395,0.395137224058739,0.475307594172136,0.393864120030899,0.472251400904004,0.49476546606883,0.438826136866074,0.526492315822005,0.290030994512336,0.434559751210353,0.489937602693356,0.590374756336742,0.502150742095713,0.505027587105847,0.435381912595752,0.465816386432411,0.349900268880599,0.545983492367488,0.61191031243689,0.529668918712598,0.559793615322379,0.552413338584745,0.517081532858124,0.401218079360276,0.602580892258449,0.540646163207362,0.461626499275462,0.374313583927345,0.398607177909364,0.409590951487589,0.504755484201405,0.519667350905279,0.519638542230393,0.333963002364557,0.485957803533939,0.553705456766341,0.513161504903333,0.29081306872974,0.357646419979626,0.57173357641791,0.340990390371977,0.37056726521754,0.461916286505864,0.387887104158145,0.538472311061171,0.44098130351572,0.442897971991443,0.431205802070425,0.419426790808392,0.518989218163033,0.382362927637071,0.525308676233444,0.477233013173947,0.5053784756752,0.508146981646825,0.49630995086196,0.427439686099924,0.551476037354955,0.360699498318532,0.602338231287015,0.563982081952398,0.433162359746193,0.512836838953568,0.504158791647015,0.578838817991539,0.452495526569868,0.527503834386219,0.247733628588845,0.423324947574153,0.528472995243086,0.574067334096055,0.601036796826985,0.512903460635102,0.362575827259238,0.412519289704001,0.413437857052025,0.416929751994918,0.629436211491414,0.546331348041353,0.517881845606195,0.479217634868983
"Bété",0.41395954369582,0.412262028614226,0.404246898388627,0.366870683978134,0.370638878340231,0.380174051910548,0.277643935001966,0.368766104459686,0.385061533453293,0.372156051257012,0.355891068336228,0.436394146627177,0.418113320164521,1,0.384230864098414,0.378426006233352,0.258444764214167,0.340557025980917,0.260358243906758,0.36286098749686,0.396104908485587,0.42191343422595,0.507254086406532,0.268667671953013,0.366774074831488,0.31281173289902,0.23728881945389,0.367238092460644,0.358251845136456,0.381064810589294,0.286033399854691,0.452405765976371,0.2949474498923,0.34450355752398,0.426270997011836,0.64445826586714,0.36031414121517,0.209967643293261,0.372606685690955,0.320630111545122,0.389702431279829,0.359562178824654,0.46765717147778,0.361262508878153,0.343553260459394,0.242394790365918,0.366082950974632,0.465415806336722,0.309441581988669,0.438527492436923,0.342989065017634,0.340495797420183,0.33169799745933,0.404223877101888,0.351230711569235,0.551539172965072,0.249515736043617,0.397001344346057,0.323219766357791,0.593666017577461,0.377328410771665,0.457126407293236,0.343884591482383,0.394582526577995,0.340815874858593,0.488021874779672,0.233741543116269,0.235822702613804,0.423519122669841,0.251542188704766,0.257868546239055,0.321930369526022,0.444980803317852,0.496521777599026,0.287200150846845,0.450138102751647,0.551395518689032,0.292384458143635,0.361375206692069,0.285832765191816,0.375940092093528,0.353784535420588,0.365729198139615,0.289930086217172,0.378629227395225,0.311117249628062,0.433039639937759,0.247262719526672,0.447223429772158,0.394565489089759,0.288789487403467,0.373879435340524,0.387486079455974,0.381097409203665,0.337728250756293,0.396255036765943,0.157736295982364,0.280365373234045,0.402246682995009,0.498599541108449,0.357343348501125,0.414319146425364,0.290510156698326,0.561121452339679,0.519286689316413,0.285708696272757,0.442894772681593,0.370636380338584,0.414568850252317,0.345452831817441
"Bhili",0.375644496397422,0.496156766491253,0.4761437330526,0.551181890599524,0.537639599824276,0.548972956282952,0.399745750784853,0.523201273197361,0.542745618352966,0.597359548414928,0.510333424753192,0.536764540323995,0.553236806665427,0.384230864098414,1,0.572850792771003,0.395391962565588,0.297413539598779,0.401468799970147,0.514181281253827,0.55537367198261,0.626434248300086,0.490052322184075,0.43830742219581,0.502182918362009,0.488403974935614,0.436939423482374,0.494581636308401,0.630743884580474,0.572384154393474,0.422529522775471,0.476831879629227,0.432497052332947,0.574120628997599,0.441939602396619,0.411688167095849,0.62674876499184,0.348379080961317,0.483541970832293,0.490706854568594,0.617819309620356,0.547505857057078,0.489571163780893,0.491194952318511,0.530112280913189,0.437794056920212,0.558482820237868,0.466239576265874,0.53469103382744,0.595721163924337,0.514429105350368,0.560234116696837,0.372895679120833,0.515429538278313,0.620665653002046,0.428255066952143,0.458839207406626,0.45427108396298,0.510899357457905,0.405589209567613,0.509828301023557,0.460258255540995,0.336826062631559,0.485505386709591,0.649907353933934,0.57942929307256,0.392806439631663,0.438184283621148,0.688716548222047,0.405800310432702,0.484871963961196,0.625585082139875,0.381383976283153,0.505256694518013,0.495888686149872,0.426477132908384,0.423561090834494,0.520710997848896,0.61629215098735,0.501943514160375,0.538525809802319,0.561571177096658,0.471535157648549,0.585567945104583,0.566123760615516,0.514178698227987,0.522593832671755,0.427631881574416,0.620700663357076,0.557361411471697,0.530808691947806,0.66565760935651,0.551147969571009,0.565389966027148,0.540512843899653,0.591192931772838,0.201519798473423,0.535974190321861,0.626134674625502,0.485616202014166,0.640789635210987,0.492087393111907,0.387290203620649,0.422663731499885,0.371571776579925,0.483982357400056,0.56803681118778,0.621767315863014,0.612921759800419,0.605144080649903
"Buglere",0.326562094932354,0.454596251790257,0.417914213382849,0.573719068165093,0.587655846513777,0.484579928985369,0.456259077787195,0.569279802943482,0.576393091904823,0.49317099255217,0.554576466501155,0.513642524183887,0.504700837104448,0.378426006233352,0.572850792771003,1,0.444760784361198,0.267718381036951,0.441362647100304,0.503546245184152,0.518224604500353,0.569330417867459,0.46307923111174,0.457544014448856,0.488597906852301,0.576516237450344,0.476313936587967,0.512815345858595,0.602423662315552,0.555057157693212,0.443588141811323,0.39754175833985,0.485430610861659,0.576203320685156,0.507982259001293,0.370089340286649,0.593274018642553,0.367417693595379,0.4877658469725,0.510420158867198,0.54675496707884,0.545075810847894,0.417791872844904,0.391096908634566,0.551278410181698,0.459299063660216,0.576415735405375,0.439521374704268,0.464300686994737,0.512728236157047,0.51462464608482,0.588798092556689,0.303410428027078,0.533196722286299,0.615375104169382,0.37489596907911,0.472376800078037,0.37286034917871,0.474898215165505,0.362776592280813,0.433330909639908,0.376267442066092,0.304796885470886,0.406636724739411,0.600752206624423,0.483648440609302,0.344537733191676,0.468436317832213,0.542969097721391,0.431994384769728,0.464786589487621,0.557828429803657,0.349505995267692,0.463506419078162,0.510862872572907,0.393416203396224,0.383141264637666,0.537556920094751,0.591574359764111,0.438462187624074,0.601254920961453,0.515985935848493,0.445955671920088,0.57053507877044,0.480104771126075,0.520864362471244,0.528366595857297,0.43119015175153,0.585302293720473,0.532790732508597,0.466285330029836,0.498433378737287,0.514656286105547,0.642805641849949,0.564354784078632,0.533617305497977,0.161716552376728,0.541201479272898,0.483043343206245,0.494836541941619,0.657976774347182,0.405777425443959,0.331851056006155,0.346275846861839,0.309793660081536,0.514462540153966,0.494765344282391,0.547584107028259,0.547345839290602,0.622175848561433
"Cakchiquel",0.242773092694138,0.330957230782674,0.26587331774641,0.497783999989869,0.47189214997183,0.332049512548556,0.566519206169932,0.403719632661991,0.37330845524413,0.359093044468441,0.406419745117481,0.340870927861622,0.350857907417115,0.258444764214167,0.395391962565588,0.444760784361198,1,0.169098280712225,0.610729551673584,0.446856700811119,0.43195014281091,0.358028785345426,0.304517352805983,0.628254388135045,0.432074171599122,0.517896715532909,0.522055937568028,0.394998241236771,0.452350328098336,0.378313905089921,0.3562903944715,0.28462191027263,0.386324638199984,0.463617646965567,0.39860765915845,0.256560833546481,0.420813842966862,0.511896591057759,0.335377262661867,0.517434430681213,0.42148712878802,0.392741582038393,0.352569858517534,0.256777538351533,0.529057811059413,0.642834774788452,0.382149449058824,0.321090719331082,0.297056283943829,0.368905117613316,0.398083659909954,0.436498458304251,0.225878985261669,0.350624390123134,0.407432001722228,0.282807357976007,0.634298143839789,0.233673777649312,0.363123444427009,0.276991556575465,0.299365409358136,0.271044310210628,0.201562846936082,0.351482892688588,0.395224475516612,0.314906628811973,0.453863439205757,0.522126823397707,0.355483526580568,0.608306791960066,0.50737998296565,0.471017254423913,0.270911601321818,0.327103400677352,0.416068287430684,0.230435301318368,0.253019254091091,0.572356082174898,0.457869160591682,0.479744486778352,0.461799394858998,0.35389432023732,0.303893427454787,0.414147832023265,0.418353268447123,0.374746986576069,0.370739808716254,0.542759936600025,0.386646414312454,0.347879415503541,0.461016797811694,0.391745436382743,0.40583509129721,0.391901535649099,0.464681004325385,0.42523762654861,0.132535935605757,0.449474961290449,0.406327805181782,0.371093993416259,0.399678755055705,0.276902697266063,0.298612114812643,0.243200101885213,0.219603937414927,0.597748603671417,0.345492722783049,0.452117908469445,0.445060018132084,0.468567422229138
"Campa",0.321020836320047,0.315266370340803,0.432440560849924,0.300109613082123,0.235985384887062,0.328803805417589,0.18653102937818,0.29024747125101,0.299288765491378,0.310337532132913,0.274077746537623,0.289036931351015,0.319254009773787,0.340557025980917,0.297413539598779,0.267718381036951,0.169098280712225,1,0.134482013088522,0.258538663145148,0.279352752177994,0.300251961588444,0.327461020798664,0.178791687963164,0.216664787124555,0.216765124374292,0.170790765617967,0.276304343939201,0.269735465922543,0.274611932219924,0.246748200090751,0.300104880670102,0.201534572965537,0.268811198262837,0.28148783440968,0.353660825214809,0.267680880705922,0.122205192591443,0.314403003151173,0.226115774480371,0.297173115508064,0.321294117632061,0.364605717677012,0.335284342991671,0.23160910970442,0.169016341846058,0.249177892972949,0.329632960107017,0.258830976656603,0.284814644559909,0.248067146735089,0.274579470769803,0.267750990044865,0.296857775827861,0.27193798624093,0.308612918971404,0.177453536051673,0.394225313872625,0.265364965576584,0.333957764066224,0.327335687615293,0.346268066416187,0.298070311437403,0.292964907737074,0.290060678899153,0.358663652018192,0.164446281003742,0.170977563028262,0.303493561375042,0.167609616691704,0.165344606850917,0.250904043896135,0.292374191587592,0.310069849690507,0.218322194899598,0.434753249024539,0.396628017322907,0.23272856873043,0.278530581513346,0.192916201441925,0.26232817393345,0.296409681473731,0.303242930981754,0.262269784114843,0.259675936275146,0.2489929393574,0.290204017105729,0.161758406690622,0.29756896402912,0.321336795866813,0.191138935860508,0.287809568671831,0.266321607715452,0.301655312040148,0.274149703286055,0.258461264080628,0.239462401264076,0.212442475381514,0.275921974643671,0.299158763895283,0.315149571689289,0.262389744494419,0.278017102293438,0.34710809209301,0.325558338461563,0.223359465313822,0.331532967602101,0.239526605952399,0.270923462381122,0.249871022657147
"Camsa",0.241625161835517,0.34150000684766,0.224846422312733,0.481352325208067,0.524104557785647,0.332580672046896,0.523958488414698,0.423003827058341,0.378256793285273,0.353695612802659,0.410720599515924,0.367535542130701,0.340910175123687,0.260358243906758,0.401468799970147,0.441362647100304,0.610729551673584,0.134482013088522,1,0.47891844477609,0.447895322267811,0.382605673634172,0.311930895253554,0.637185484894912,0.469955577790588,0.537039361382126,0.532128969842292,0.388664138999786,0.477763889923332,0.407534153738726,0.381994118933784,0.296698177835342,0.435809153612186,0.475953016214436,0.41341634243491,0.266768865950502,0.459538727816067,0.564678256296474,0.339615168992797,0.535642638483903,0.446241019227334,0.417483144374414,0.384654677643561,0.23896233933235,0.566916221843974,0.661608805680972,0.377884868144153,0.309012662099601,0.320998428174798,0.401424927015676,0.424425959092021,0.477300148031607,0.239978872673574,0.366758019349848,0.390878406972248,0.26810233188532,0.65794488332922,0.221572666957543,0.37369537510761,0.270718380146913,0.275561814065308,0.282822317374311,0.223133502500991,0.375796256443388,0.386146127515358,0.331427500660485,0.471754916603829,0.539086888560361,0.374910343487655,0.618231962877036,0.544152280554615,0.481328852886396,0.254496401770147,0.337477710131244,0.444255767200074,0.203055252649752,0.267829754458278,0.589734100091636,0.497341678754993,0.48742248673621,0.456790291453651,0.370795903399065,0.30830313548126,0.420999207557308,0.438374263640951,0.404784400178896,0.4022050064177,0.669146500374198,0.390156633431755,0.388126044372371,0.452166679415342,0.41017207747263,0.448987253377633,0.392183567058632,0.466194834078611,0.457712011276018,0.125607798767954,0.482123324284017,0.450317729994082,0.365513877556595,0.381043554654855,0.322552851035426,0.287080085380727,0.244114616707723,0.240654958259626,0.581397392069915,0.361430231040541,0.482994772988745,0.482708381803985,0.476000107625516
